# Created by Octave 4.0.0, Mon Nov 23 19:32:15 2015 BRST <renato@renato-XPS-8500>
# name: identModel
# type: scalar struct
# ndims: 2
 1 1
# length: 14
# name: terms
# type: cell
# rows: 3
# columns: 1
# name: <cell-element>
# type: sq_string
# elements: 1
# length: 6
u(k-2)


# name: <cell-element>
# type: sq_string
# elements: 1
# length: 12
u(k-1)y(k-1)


# name: <cell-element>
# type: sq_string
# elements: 1
# length: 6
y(k-1)





# name: termIndices
# type: matrix
# rows: 3
# columns: 1
 3
 7
 4


# name: coeff
# type: matrix
# rows: 3
# columns: 1
 0.1
 -0.4999999999999999
 -0.09999999999999999


# name: degree
# type: scalar
2


# name: Fs
# type: scalar
100


# name: ESR
# type: scalar
0


# name: noiseTerms
# type: cell
# rows: 1
# columns: 1
# name: <cell-element>
# type: sq_string
# elements: 1
# length: 12
u(k-1)e(k-1)





# name: noiseTermIndices
# type: scalar
7


# name: noiseCoeff
# type: scalar
0.1856709228552887


# name: finalCoeff
# type: matrix
# rows: 3
# columns: 1
 0.1
 -0.4999999999999999
 -0.1


# name: finalNoiseCoeff
# type: scalar
1.489970798609232


# name: residue
# type: matrix
# rows: 489
# columns: 4
 -1.387778780781446e-17 2.775557561562891e-17 2.255140518769849e-17 2.775557561562891e-17
 -2.081668171172169e-17 -1.110223024625157e-16 2.775557561562891e-17 0
 -6.938893903907228e-18 2.775557561562891e-17 -5.551115123125783e-17 -1.387778780781446e-17
 2.081668171172169e-17 2.775557561562891e-17 -2.081668171172169e-17 -2.602085213965211e-18
 -3.035766082959412e-18 2.775557561562891e-17 4.163336342344337e-17 1.040834085586084e-17
 3.469446951953614e-18 1.040834085586084e-17 4.77048955893622e-17 -3.469446951953614e-18
 -2.775557561562891e-17 0 -8.326672684688674e-17 1.387778780781446e-17
 4.163336342344337e-17 0 -3.469446951953614e-17 2.775557561562891e-17
 1.387778780781446e-17 2.081668171172169e-17 -1.387778780781446e-17 1.387778780781446e-17
 -4.163336342344337e-17 -6.938893903907228e-18 -1.110223024625157e-16 2.775557561562891e-17
 -5.551115123125783e-17 -1.387778780781446e-17 6.938893903907228e-18 4.163336342344337e-17
 -5.551115123125783e-17 1.387778780781446e-17 -1.040834085586084e-17 4.163336342344337e-17
 4.163336342344337e-17 1.387778780781446e-17 0 -2.775557561562891e-17
 0 0 -5.551115123125783e-17 -2.775557561562891e-17
 -2.775557561562891e-17 -2.775557561562891e-17 0 -1.387778780781446e-17
 -1.127570259384925e-17 -5.551115123125783e-17 2.081668171172169e-17 -2.081668171172169e-17
 -1.387778780781446e-17 -4.336808689942018e-17 2.775557561562891e-17 -1.387778780781446e-17
 2.775557561562891e-17 4.163336342344337e-17 -5.551115123125783e-17 1.387778780781446e-17
 0 1.387778780781446e-17 -1.734723475976807e-17 -1.387778780781446e-17
 -6.938893903907228e-18 -5.551115123125783e-17 -1.387778780781446e-17 8.673617379884035e-18
 2.775557561562891e-17 2.775557561562891e-17 5.551115123125783e-17 2.775557561562891e-17
 -6.938893903907228e-18 -5.551115123125783e-17 -2.081668171172169e-17 -2.775557561562891e-17
 1.387778780781446e-17 -2.775557561562891e-17 6.938893903907228e-18 0
 -1.387778780781446e-17 -2.775557561562891e-17 8.326672684688674e-17 0
 -6.938893903907228e-18 1.561251128379126e-17 -3.729655473350135e-17 4.163336342344337e-17
 5.204170427930421e-18 -1.387778780781446e-17 2.775557561562891e-17 -2.775557561562891e-17
 -1.387778780781446e-17 -2.775557561562891e-17 2.081668171172169e-17 1.387778780781446e-17
 6.938893903907228e-18 5.551115123125783e-17 -3.469446951953614e-18 1.561251128379126e-17
 -1.040834085586084e-17 2.775557561562891e-17 -6.938893903907228e-18 -1.387778780781446e-17
 4.163336342344337e-17 6.938893903907228e-18 6.938893903907228e-18 1.387778780781446e-17
 -7.806255641895632e-18 0 2.775557561562891e-17 -4.163336342344337e-17
 -1.040834085586084e-17 3.469446951953614e-17 -2.775557561562891e-17 -1.387778780781446e-17
 -5.551115123125783e-17 -1.040834085586084e-17 -1.387778780781446e-17 5.551115123125783e-17
 8.673617379884035e-18 -2.775557561562891e-17 -1.387778780781446e-17 0
 -1.040834085586084e-17 -2.775557561562891e-17 -4.163336342344337e-17 -6.938893903907228e-18
 -5.551115123125783e-17 2.602085213965211e-18 6.938893903907228e-18 8.673617379884035e-18
 -2.775557561562891e-17 1.387778780781446e-17 2.081668171172169e-17 -1.387778780781446e-17
 -2.775557561562891e-17 0 8.326672684688674e-17 -3.469446951953614e-17
 4.77048955893622e-18 -2.220446049250313e-16 0 -1.387778780781446e-17
 -6.938893903907228e-18 -2.775557561562891e-17 8.326672684688674e-17 1.387778780781446e-17
 2.775557561562891e-17 -1.387778780781446e-17 -1.040834085586084e-17 1.734723475976807e-17
 2.775557561562891e-17 -6.938893903907228e-18 1.387778780781446e-17 -1.387778780781446e-17
 -5.551115123125783e-17 -1.387778780781446e-17 2.775557561562891e-17 -2.775557561562891e-17
 2.775557561562891e-17 -1.387778780781446e-17 1.734723475976807e-18 -2.775557561562891e-17
 2.42861286636753e-17 -2.775557561562891e-17 1.734723475976807e-17 0
 -2.775557561562891e-17 0 1.387778780781446e-17 0
 -1.387778780781446e-17 2.775557561562891e-17 -2.081668171172169e-17 -1.110223024625157e-16
 5.551115123125783e-17 -3.469446951953614e-17 5.551115123125783e-17 -9.71445146547012e-17
 4.163336342344337e-17 0 4.163336342344337e-17 2.775557561562891e-17
 -2.775557561562891e-17 0 -2.081668171172169e-17 4.163336342344337e-17
 4.163336342344337e-17 2.775557561562891e-17 6.938893903907228e-18 -5.551115123125783e-17
 5.551115123125783e-17 0 -1.110223024625157e-16 0
 -2.775557561562891e-17 -2.775557561562891e-17 6.938893903907228e-18 2.775557561562891e-17
 -5.204170427930421e-17 -3.122502256758253e-17 1.387778780781446e-17 -1.387778780781446e-17
 -2.775557561562891e-17 -1.387778780781446e-17 -1.387778780781446e-17 -1.626303258728257e-18
 2.775557561562891e-17 2.775557561562891e-17 -5.551115123125783e-17 0
 8.326672684688674e-17 -2.775557561562891e-17 1.387778780781446e-17 2.775557561562891e-17
 -2.081668171172169e-17 -5.551115123125783e-17 5.551115123125783e-17 2.775557561562891e-17
 0 2.775557561562891e-17 -1.110223024625157e-16 5.551115123125783e-17
 -4.163336342344337e-17 0 -2.775557561562891e-17 1.387778780781446e-17
 -5.551115123125783e-17 0 6.938893903907228e-18 5.551115123125783e-17
 -8.326672684688674e-17 -6.938893903907228e-18 -1.387778780781446e-17 1.214306433183765e-17
 2.905661822261152e-17 -1.24683249835833e-17 3.469446951953614e-18 -2.775557561562891e-17
 4.163336342344337e-17 -6.938893903907228e-18 -4.163336342344337e-17 2.775557561562891e-17
 -3.469446951953614e-18 -4.163336342344337e-17 -3.469446951953614e-18 2.775557561562891e-17
 -1.387778780781446e-17 0 1.387778780781446e-17 1.387778780781446e-17
 -2.081668171172169e-17 0 2.775557561562891e-17 1.517883041479706e-18
 -1.387778780781446e-17 1.110223024625157e-16 2.775557561562891e-17 -2.081668171172169e-17
 0 0 5.551115123125783e-17 1.387778780781446e-17
 2.081668171172169e-17 -1.110223024625157e-16 5.551115123125783e-17 6.938893903907228e-18
 2.775557561562891e-17 2.775557561562891e-17 4.163336342344337e-17 4.163336342344337e-17
 -4.163336342344337e-17 3.469446951953614e-17 -1.734723475976807e-17 1.387778780781446e-17
 5.551115123125783e-17 4.163336342344337e-17 5.637851296924623e-18 -3.469446951953614e-18
 9.020562075079397e-17 -2.775557561562891e-17 4.163336342344337e-17 6.938893903907228e-18
 5.551115123125783e-17 -3.469446951953614e-17 6.938893903907228e-18 -6.071532165918825e-18
 -5.551115123125783e-17 2.775557561562891e-17 4.163336342344337e-17 4.163336342344337e-17
 -1.665334536937735e-16 2.081668171172169e-17 8.326672684688674e-17 3.469446951953614e-17
 6.938893903907228e-17 -2.775557561562891e-17 -2.255140518769849e-17 -1.387778780781446e-17
 -6.938893903907228e-18 2.775557561562891e-17 4.163336342344337e-17 0
 -2.775557561562891e-17 0 -1.387778780781446e-17 -2.775557561562891e-17
 2.775557561562891e-17 1.908195823574488e-17 -8.673617379884035e-18 -2.081668171172169e-17
 2.775557561562891e-17 -1.387778780781446e-17 -2.168404344971009e-18 -1.387778780781446e-17
