# Created by Octave 4.0.0, Wed Dec 02 14:59:05 2015 BRST <renato@renato-XPS-8500>
# name: identModel
# type: scalar struct
# ndims: 2
 1 1
# length: 17
# name: terms
# type: cell
# rows: 4
# columns: 1
# name: <cell-element>
# type: sq_string
# elements: 1
# length: 6
u(k-2)


# name: <cell-element>
# type: sq_string
# elements: 1
# length: 12
u(k-1)y(k-1)


# name: <cell-element>
# type: sq_string
# elements: 1
# length: 6
y(k-1)


# name: <cell-element>
# type: sq_string
# elements: 1
# length: 12
u(k-2)y(k-1)





# name: termIndices
# type: matrix
# rows: 4
# columns: 1
 3
 7
 4
 9


# name: coeff
# type: matrix
# rows: 4
# columns: 1
 0.1
 -0.5
 0.1000000000000001
 -4.29159303892652e-17


# name: degree
# type: scalar
2


# name: Fs
# type: scalar
100


# name: ESR
# type: scalar
-4.440892098500626e-16


# name: noiseTerms
# type: cell
# rows: 1
# columns: 1
# name: <cell-element>
# type: sq_string
# elements: 1
# length: 6
e(k-1)





# name: noiseTermIndices
# type: scalar
1


# name: noiseCoeff
# type: scalar
0.2090723837445708


# name: finalCoeff
# type: matrix
# rows: 4
# columns: 1
 0.1
 -0.5
 0.1000000000000001
 -1.212332670081863e-17


# name: finalNoiseCoeff
# type: scalar
-0.2477012102016882


# name: residue
# type: matrix
# rows: 413
# columns: 1
 0
 0
 -1.387778780781446e-17
 0
 -1.040834085586084e-17
 0
 -6.938893903907228e-18
 0
 -8.023096076392733e-18
 -6.938893903907228e-18
 2.775557561562891e-17
 1.387778780781446e-17
 5.204170427930421e-18
 3.469446951953614e-18
 0
 0
 0
 0
 -1.387778780781446e-17
 -1.387778780781446e-17
 -1.387778780781446e-17
 -3.469446951953614e-18
 6.938893903907228e-18
 0
 8.673617379884035e-19
 0
 0
 -1.387778780781446e-17
 -1.387778780781446e-17
 0
 0
 0
 0
 1.387778780781446e-17
 1.387778780781446e-17
 1.387778780781446e-17
 0
 -2.775557561562891e-17
 -1.387778780781446e-17
 5.204170427930421e-18
 1.387778780781446e-17
 0
 0
 0
 0
 0
 0
 1.387778780781446e-17
 -2.081668171172169e-17
 1.387778780781446e-17
 0
 -6.938893903907228e-18
 1.387778780781446e-17
 0
 0
 1.387778780781446e-17
 2.775557561562891e-17
 1.387778780781446e-17
 2.55871712706579e-17
 2.775557561562891e-17
 0
 -6.938893903907228e-18
 -8.673617379884035e-18
 0
 -1.387778780781446e-17
 0
 0
 -5.551115123125783e-17
 -6.938893903907228e-18
 3.469446951953614e-18
 0
 0
 0
 -2.081668171172169e-17
 -4.98732999343332e-18
 0
 0
 -5.551115123125783e-17
 2.42861286636753e-17
 1.387778780781446e-17
 -1.387778780781446e-17
 6.938893903907228e-18
 0
 3.469446951953614e-18
 0
 0
 -6.938893903907228e-18
 6.938893903907228e-18
 6.938893903907228e-18
 8.673617379884035e-19
 -2.775557561562891e-17
 2.775557561562891e-17
 0
 0
 0
 0
 0
 1.387778780781446e-17
 1.387778780781446e-17
 0
 0
 0
 0
 0
 1.387778780781446e-17
 0
 0
 -1.387778780781446e-17
 1.387778780781446e-17
 0
 0
 0
 1.387778780781446e-17
 1.040834085586084e-17
 -1.734723475976807e-18
 0
 6.938893903907228e-18
 1.387778780781446e-17
 0
 0
 -1.387778780781446e-17
 -3.903127820947816e-18
 -1.734723475976807e-18
 0
 -1.387778780781446e-17
 6.938893903907228e-18
 0
 0
 3.469446951953614e-18
 0
 0
 0
 0
 2.168404344971009e-18
 2.775557561562891e-17
 8.673617379884035e-18
 0
 -3.469446951953614e-18
 0
 1.040834085586084e-17
 0
 -6.938893903907228e-18
 1.387778780781446e-17
 0
 0
 -6.938893903907228e-18
 0
 -1.387778780781446e-17
 -1.387778780781446e-17
 -1.387778780781446e-17
 2.775557561562891e-17
 1.387778780781446e-17
 0
 0
 6.938893903907228e-18
 0
 0
 0
 -6.938893903907228e-18
 0
 0
 0
 0
 0
 -3.469446951953614e-18
 0
 0
 1.387778780781446e-17
 1.387778780781446e-17
 0
 0
 2.775557561562891e-17
 2.081668171172169e-17
 -1.734723475976807e-18
 0
 -1.734723475976807e-18
 0
 0
 0
 0
 -1.734723475976807e-17
 -1.387778780781446e-17
 0
 0
 -6.938893903907228e-18
 0
 1.387778780781446e-17
 0
 1.734723475976807e-18
 0
 1.387778780781446e-17
 1.387778780781446e-17
 0
 0
 1.387778780781446e-17
 0
 0
 0
 1.387778780781446e-17
 0
 0
 2.775557561562891e-17
 1.387778780781446e-17
 6.938893903907228e-18
 0
 -1.387778780781446e-17
 -2.775557561562891e-17
 0
 0
 -2.775557561562891e-17
 0
 0
 0
 -3.469446951953614e-17
 -2.775557561562891e-17
 0
 -1.734723475976807e-18
 0
 1.387778780781446e-17
 0
 0
 2.775557561562891e-17
 0
 -6.938893903907228e-18
 -6.938893903907228e-18
 -6.938893903907228e-18
 -1.387778780781446e-17
 -6.938893903907228e-18
 6.938893903907228e-18
 0
 -2.775557561562891e-17
 0
 -2.775557561562891e-17
 0
 -1.734723475976807e-18
 -8.673617379884035e-19
 0
 8.673617379884035e-18
 0
 -1.734723475976807e-18
 3.469446951953614e-18
 0
 0
 2.775557561562891e-17
 1.387778780781446e-17
 1.387778780781446e-17
 0
 0
 -1.734723475976807e-18
 -6.938893903907228e-18
 0
 6.938893903907228e-18
 0
 0
 0
 2.775557561562891e-17
 2.775557561562891e-17
 2.775557561562891e-17
 1.387778780781446e-17
 0
 1.387778780781446e-17
 1.734723475976807e-17
 0
 -1.387778780781446e-17
 0
 3.469446951953614e-18
 -1.387778780781446e-17
 1.387778780781446e-17
 0
 1.387778780781446e-17
 -2.775557561562891e-17
 0
 -1.387778780781446e-17
 -5.551115123125783e-17
 -6.938893903907228e-18
 0
 -4.119968255444917e-18
 0
 -6.505213034913027e-18
 -6.938893903907228e-18
 6.938893903907228e-18
 0
 0
 6.938893903907228e-18
 3.469446951953614e-18
 2.775557561562891e-17
 1.301042606982605e-18
 6.938893903907228e-18
 0
 0
 0
 0
 0
 2.775557561562891e-17
 1.387778780781446e-17
 1.387778780781446e-17
 6.938893903907228e-18
 1.387778780781446e-17
 0
 -3.469446951953614e-18
 0
 -6.938893903907228e-18
 0
 0
 0
 -8.326672684688674e-17
 0
 -3.469446951953614e-18
 8.673617379884035e-19
 0
 6.938893903907228e-18
 5.551115123125783e-17
 3.469446951953614e-18
 0
 -6.938893903907228e-18
 0
 0
 -5.551115123125783e-17
 -2.775557561562891e-17
 -4.119968255444917e-18
 0
 -1.387778780781446e-17
 -3.469446951953614e-18
 -3.469446951953614e-18
 0
 0
 3.469446951953614e-18
 3.469446951953614e-18
 0
 0
 1.734723475976807e-18
 1.387778780781446e-17
 0
 -4.336808689942018e-18
 -2.38524477946811e-18
 0
 0
 2.775557561562891e-17
 0
 -6.938893903907228e-18
 -6.938893903907228e-18
 0
 -1.387778780781446e-17
 -6.938893903907228e-18
 -1.387778780781446e-17
 0
 0
 0
 -6.938893903907228e-18
 0
 0
 0
 2.775557561562891e-17
 1.387778780781446e-17
 6.938893903907228e-18
 0
 0
 8.673617379884035e-19
 0
 0
 0
 0
 -2.775557561562891e-17
 1.387778780781446e-17
 0
 0
 0
 0
 0
 0
 0
 -6.938893903907228e-18
 0
 0
 -6.938893903907228e-18
 0
 1.387778780781446e-17
 0
 6.938893903907228e-18
 0
 0
 6.938893903907228e-18
 0
 0
 0
 3.469446951953614e-18
 6.938893903907228e-18
 0
 -6.938893903907228e-18
 0
 -1.387778780781446e-17
 -1.387778780781446e-17
 6.938893903907228e-18
 0
 -6.938893903907228e-18
 3.469446951953614e-18
 0
 0
 0
 0
 6.938893903907228e-18
 1.734723475976807e-18
 3.469446951953614e-18
 -6.938893903907228e-18
 0
 -1.734723475976807e-18
 0
 6.938893903907228e-18
 6.938893903907228e-18
 0
 1.387778780781446e-17
 0
 -6.938893903907228e-18


# name: delta
# type: scalar
0.1


# name: GFRF
# type: cell
# rows: 1
# columns: 3
# name: <cell-element>
# type: class
# classname: symfun
# length: 2
# name: sym
# type: cell
# rows: 1
# columns: 1
# name: <cell-element>
# type: class
# classname: sym
# length: 6
# name: ascii
# type: cell
# rows: 1
# columns: 1
# name: <cell-element>
# type: sq_string
# elements: 1
# length: 219
      -I*pi*f1     
      ---------    
          25       
     e             
-------------------
   /     -I*pi*f1 \
   |     ---------|
   |         50   |
   |    e         |
10*|1 - ----------|
   \        10    /





# name: extra
# type: cell
# rows: 1
# columns: 1
# name: <cell-element>
# type: matrix
# rows: 0
# columns: 0





# name: flat
# type: cell
# rows: 1
# columns: 1
# name: <cell-element>
# type: sq_string
# elements: 1
# length: 47
exp(-I*pi*f1/25)/(10*(1 - exp(-I*pi*f1/50)/10))





# name: pickle
# type: cell
# rows: 1
# columns: 1
